0 270 378 69 1036 719
270 0 143 203 1150 698
378 143 0 319 1111 607
69 203 319 0 1072 719
1036 1150 1111 1072 0 592
719 698 607 719 592 0